{
 "cells": [
  {
   "cell_type": "code",
   "execution_count": 3,
   "source": [
    "import torch\r\n",
    "import torchvision\r\n",
    "from torch import nn\r\n",
    "from torch.nn import functional as F\r\n",
    "from d2l import torch as d2l\r\n",
    "\r\n",
    "pretrained_net = torchvision.models.resnet18(pretrained=True)\r\n",
    "list(pretrained_net.children())[-3:]"
   ],
   "outputs": [
    {
     "output_type": "execute_result",
     "data": {
      "text/plain": [
       "[Sequential(\n",
       "   (0): BasicBlock(\n",
       "     (conv1): Conv2d(256, 512, kernel_size=(3, 3), stride=(2, 2), padding=(1, 1), bias=False)\n",
       "     (bn1): BatchNorm2d(512, eps=1e-05, momentum=0.1, affine=True, track_running_stats=True)\n",
       "     (relu): ReLU(inplace=True)\n",
       "     (conv2): Conv2d(512, 512, kernel_size=(3, 3), stride=(1, 1), padding=(1, 1), bias=False)\n",
       "     (bn2): BatchNorm2d(512, eps=1e-05, momentum=0.1, affine=True, track_running_stats=True)\n",
       "     (downsample): Sequential(\n",
       "       (0): Conv2d(256, 512, kernel_size=(1, 1), stride=(2, 2), bias=False)\n",
       "       (1): BatchNorm2d(512, eps=1e-05, momentum=0.1, affine=True, track_running_stats=True)\n",
       "     )\n",
       "   )\n",
       "   (1): BasicBlock(\n",
       "     (conv1): Conv2d(512, 512, kernel_size=(3, 3), stride=(1, 1), padding=(1, 1), bias=False)\n",
       "     (bn1): BatchNorm2d(512, eps=1e-05, momentum=0.1, affine=True, track_running_stats=True)\n",
       "     (relu): ReLU(inplace=True)\n",
       "     (conv2): Conv2d(512, 512, kernel_size=(3, 3), stride=(1, 1), padding=(1, 1), bias=False)\n",
       "     (bn2): BatchNorm2d(512, eps=1e-05, momentum=0.1, affine=True, track_running_stats=True)\n",
       "   )\n",
       " ),\n",
       " AdaptiveAvgPool2d(output_size=(1, 1)),\n",
       " Linear(in_features=512, out_features=1000, bias=True)]"
      ]
     },
     "metadata": {},
     "execution_count": 3
    }
   ],
   "metadata": {}
  },
  {
   "cell_type": "code",
   "execution_count": 4,
   "source": [
    "net = nn.Sequential(*list(pretrained_net.children())[:-2])\r\n",
    "X = torch.rand(size=(1, 3, 320, 480))\r\n",
    "net(X).shape"
   ],
   "outputs": [
    {
     "output_type": "stream",
     "name": "stderr",
     "text": [
      "D:\\Anaconda3\\envs\\pytorch\\lib\\site-packages\\torch\\nn\\functional.py:718: UserWarning: Named tensors and all their associated APIs are an experimental feature and subject to change. Please do not use them for anything important until they are released as stable. (Triggered internally at  ..\\c10/core/TensorImpl.h:1156.)\n",
      "  return torch.max_pool2d(input, kernel_size, stride, padding, dilation, ceil_mode)\n"
     ]
    },
    {
     "output_type": "execute_result",
     "data": {
      "text/plain": [
       "torch.Size([1, 512, 10, 15])"
      ]
     },
     "metadata": {},
     "execution_count": 4
    }
   ],
   "metadata": {}
  },
  {
   "cell_type": "code",
   "execution_count": 5,
   "source": [
    "num_classes = 21\r\n",
    "net.add_module('final_conv', nn.Conv2d(512, num_classes, kernel_size=1))\r\n",
    "net.add_module(\r\n",
    "    'transpose_conv',\r\n",
    "    nn.ConvTranspose2d(num_classes, num_classes, kernel_size=64, padding=16,\r\n",
    "    stride=32))"
   ],
   "outputs": [],
   "metadata": {}
  },
  {
   "cell_type": "code",
   "execution_count": 6,
   "source": [
    "def bilinear_kernel(in_channels, out_channels, kernel_size):\r\n",
    "    factor = (kernel_size + 1) // 2\r\n",
    "    if kernel_size % 2 == 1:\r\n",
    "        center = factor - 1\r\n",
    "    else:\r\n",
    "        center = factor - 0.5\r\n",
    "    og = (torch.arange(kernel_size).reshape(-1, 1),\r\n",
    "    torch.arange(kernel_size).reshape(1, -1))\r\n",
    "    filt = (1 - torch.abs(og[0] - center) / factor) * \\\r\n",
    "    (1 - torch.abs(og[1] - center) / factor)\r\n",
    "    weight = torch.zeros(\r\n",
    "    (in_channels, out_channels, kernel_size, kernel_size))\r\n",
    "    weight[range(in_channels), range(out_channels), :, :] = filt\r\n",
    "    return weight"
   ],
   "outputs": [],
   "metadata": {}
  },
  {
   "cell_type": "code",
   "execution_count": 7,
   "source": [
    "W = bilinear_kernel(num_classes, num_classes, 64)\r\n",
    "net.transpose_conv.weight.data.copy_(W)"
   ],
   "outputs": [
    {
     "output_type": "execute_result",
     "data": {
      "text/plain": [
       "tensor([[[[0.0002, 0.0007, 0.0012,  ..., 0.0012, 0.0007, 0.0002],\n",
       "          [0.0007, 0.0022, 0.0037,  ..., 0.0037, 0.0022, 0.0007],\n",
       "          [0.0012, 0.0037, 0.0061,  ..., 0.0061, 0.0037, 0.0012],\n",
       "          ...,\n",
       "          [0.0012, 0.0037, 0.0061,  ..., 0.0061, 0.0037, 0.0012],\n",
       "          [0.0007, 0.0022, 0.0037,  ..., 0.0037, 0.0022, 0.0007],\n",
       "          [0.0002, 0.0007, 0.0012,  ..., 0.0012, 0.0007, 0.0002]],\n",
       "\n",
       "         [[0.0000, 0.0000, 0.0000,  ..., 0.0000, 0.0000, 0.0000],\n",
       "          [0.0000, 0.0000, 0.0000,  ..., 0.0000, 0.0000, 0.0000],\n",
       "          [0.0000, 0.0000, 0.0000,  ..., 0.0000, 0.0000, 0.0000],\n",
       "          ...,\n",
       "          [0.0000, 0.0000, 0.0000,  ..., 0.0000, 0.0000, 0.0000],\n",
       "          [0.0000, 0.0000, 0.0000,  ..., 0.0000, 0.0000, 0.0000],\n",
       "          [0.0000, 0.0000, 0.0000,  ..., 0.0000, 0.0000, 0.0000]],\n",
       "\n",
       "         [[0.0000, 0.0000, 0.0000,  ..., 0.0000, 0.0000, 0.0000],\n",
       "          [0.0000, 0.0000, 0.0000,  ..., 0.0000, 0.0000, 0.0000],\n",
       "          [0.0000, 0.0000, 0.0000,  ..., 0.0000, 0.0000, 0.0000],\n",
       "          ...,\n",
       "          [0.0000, 0.0000, 0.0000,  ..., 0.0000, 0.0000, 0.0000],\n",
       "          [0.0000, 0.0000, 0.0000,  ..., 0.0000, 0.0000, 0.0000],\n",
       "          [0.0000, 0.0000, 0.0000,  ..., 0.0000, 0.0000, 0.0000]],\n",
       "\n",
       "         ...,\n",
       "\n",
       "         [[0.0000, 0.0000, 0.0000,  ..., 0.0000, 0.0000, 0.0000],\n",
       "          [0.0000, 0.0000, 0.0000,  ..., 0.0000, 0.0000, 0.0000],\n",
       "          [0.0000, 0.0000, 0.0000,  ..., 0.0000, 0.0000, 0.0000],\n",
       "          ...,\n",
       "          [0.0000, 0.0000, 0.0000,  ..., 0.0000, 0.0000, 0.0000],\n",
       "          [0.0000, 0.0000, 0.0000,  ..., 0.0000, 0.0000, 0.0000],\n",
       "          [0.0000, 0.0000, 0.0000,  ..., 0.0000, 0.0000, 0.0000]],\n",
       "\n",
       "         [[0.0000, 0.0000, 0.0000,  ..., 0.0000, 0.0000, 0.0000],\n",
       "          [0.0000, 0.0000, 0.0000,  ..., 0.0000, 0.0000, 0.0000],\n",
       "          [0.0000, 0.0000, 0.0000,  ..., 0.0000, 0.0000, 0.0000],\n",
       "          ...,\n",
       "          [0.0000, 0.0000, 0.0000,  ..., 0.0000, 0.0000, 0.0000],\n",
       "          [0.0000, 0.0000, 0.0000,  ..., 0.0000, 0.0000, 0.0000],\n",
       "          [0.0000, 0.0000, 0.0000,  ..., 0.0000, 0.0000, 0.0000]],\n",
       "\n",
       "         [[0.0000, 0.0000, 0.0000,  ..., 0.0000, 0.0000, 0.0000],\n",
       "          [0.0000, 0.0000, 0.0000,  ..., 0.0000, 0.0000, 0.0000],\n",
       "          [0.0000, 0.0000, 0.0000,  ..., 0.0000, 0.0000, 0.0000],\n",
       "          ...,\n",
       "          [0.0000, 0.0000, 0.0000,  ..., 0.0000, 0.0000, 0.0000],\n",
       "          [0.0000, 0.0000, 0.0000,  ..., 0.0000, 0.0000, 0.0000],\n",
       "          [0.0000, 0.0000, 0.0000,  ..., 0.0000, 0.0000, 0.0000]]],\n",
       "\n",
       "\n",
       "        [[[0.0000, 0.0000, 0.0000,  ..., 0.0000, 0.0000, 0.0000],\n",
       "          [0.0000, 0.0000, 0.0000,  ..., 0.0000, 0.0000, 0.0000],\n",
       "          [0.0000, 0.0000, 0.0000,  ..., 0.0000, 0.0000, 0.0000],\n",
       "          ...,\n",
       "          [0.0000, 0.0000, 0.0000,  ..., 0.0000, 0.0000, 0.0000],\n",
       "          [0.0000, 0.0000, 0.0000,  ..., 0.0000, 0.0000, 0.0000],\n",
       "          [0.0000, 0.0000, 0.0000,  ..., 0.0000, 0.0000, 0.0000]],\n",
       "\n",
       "         [[0.0002, 0.0007, 0.0012,  ..., 0.0012, 0.0007, 0.0002],\n",
       "          [0.0007, 0.0022, 0.0037,  ..., 0.0037, 0.0022, 0.0007],\n",
       "          [0.0012, 0.0037, 0.0061,  ..., 0.0061, 0.0037, 0.0012],\n",
       "          ...,\n",
       "          [0.0012, 0.0037, 0.0061,  ..., 0.0061, 0.0037, 0.0012],\n",
       "          [0.0007, 0.0022, 0.0037,  ..., 0.0037, 0.0022, 0.0007],\n",
       "          [0.0002, 0.0007, 0.0012,  ..., 0.0012, 0.0007, 0.0002]],\n",
       "\n",
       "         [[0.0000, 0.0000, 0.0000,  ..., 0.0000, 0.0000, 0.0000],\n",
       "          [0.0000, 0.0000, 0.0000,  ..., 0.0000, 0.0000, 0.0000],\n",
       "          [0.0000, 0.0000, 0.0000,  ..., 0.0000, 0.0000, 0.0000],\n",
       "          ...,\n",
       "          [0.0000, 0.0000, 0.0000,  ..., 0.0000, 0.0000, 0.0000],\n",
       "          [0.0000, 0.0000, 0.0000,  ..., 0.0000, 0.0000, 0.0000],\n",
       "          [0.0000, 0.0000, 0.0000,  ..., 0.0000, 0.0000, 0.0000]],\n",
       "\n",
       "         ...,\n",
       "\n",
       "         [[0.0000, 0.0000, 0.0000,  ..., 0.0000, 0.0000, 0.0000],\n",
       "          [0.0000, 0.0000, 0.0000,  ..., 0.0000, 0.0000, 0.0000],\n",
       "          [0.0000, 0.0000, 0.0000,  ..., 0.0000, 0.0000, 0.0000],\n",
       "          ...,\n",
       "          [0.0000, 0.0000, 0.0000,  ..., 0.0000, 0.0000, 0.0000],\n",
       "          [0.0000, 0.0000, 0.0000,  ..., 0.0000, 0.0000, 0.0000],\n",
       "          [0.0000, 0.0000, 0.0000,  ..., 0.0000, 0.0000, 0.0000]],\n",
       "\n",
       "         [[0.0000, 0.0000, 0.0000,  ..., 0.0000, 0.0000, 0.0000],\n",
       "          [0.0000, 0.0000, 0.0000,  ..., 0.0000, 0.0000, 0.0000],\n",
       "          [0.0000, 0.0000, 0.0000,  ..., 0.0000, 0.0000, 0.0000],\n",
       "          ...,\n",
       "          [0.0000, 0.0000, 0.0000,  ..., 0.0000, 0.0000, 0.0000],\n",
       "          [0.0000, 0.0000, 0.0000,  ..., 0.0000, 0.0000, 0.0000],\n",
       "          [0.0000, 0.0000, 0.0000,  ..., 0.0000, 0.0000, 0.0000]],\n",
       "\n",
       "         [[0.0000, 0.0000, 0.0000,  ..., 0.0000, 0.0000, 0.0000],\n",
       "          [0.0000, 0.0000, 0.0000,  ..., 0.0000, 0.0000, 0.0000],\n",
       "          [0.0000, 0.0000, 0.0000,  ..., 0.0000, 0.0000, 0.0000],\n",
       "          ...,\n",
       "          [0.0000, 0.0000, 0.0000,  ..., 0.0000, 0.0000, 0.0000],\n",
       "          [0.0000, 0.0000, 0.0000,  ..., 0.0000, 0.0000, 0.0000],\n",
       "          [0.0000, 0.0000, 0.0000,  ..., 0.0000, 0.0000, 0.0000]]],\n",
       "\n",
       "\n",
       "        [[[0.0000, 0.0000, 0.0000,  ..., 0.0000, 0.0000, 0.0000],\n",
       "          [0.0000, 0.0000, 0.0000,  ..., 0.0000, 0.0000, 0.0000],\n",
       "          [0.0000, 0.0000, 0.0000,  ..., 0.0000, 0.0000, 0.0000],\n",
       "          ...,\n",
       "          [0.0000, 0.0000, 0.0000,  ..., 0.0000, 0.0000, 0.0000],\n",
       "          [0.0000, 0.0000, 0.0000,  ..., 0.0000, 0.0000, 0.0000],\n",
       "          [0.0000, 0.0000, 0.0000,  ..., 0.0000, 0.0000, 0.0000]],\n",
       "\n",
       "         [[0.0000, 0.0000, 0.0000,  ..., 0.0000, 0.0000, 0.0000],\n",
       "          [0.0000, 0.0000, 0.0000,  ..., 0.0000, 0.0000, 0.0000],\n",
       "          [0.0000, 0.0000, 0.0000,  ..., 0.0000, 0.0000, 0.0000],\n",
       "          ...,\n",
       "          [0.0000, 0.0000, 0.0000,  ..., 0.0000, 0.0000, 0.0000],\n",
       "          [0.0000, 0.0000, 0.0000,  ..., 0.0000, 0.0000, 0.0000],\n",
       "          [0.0000, 0.0000, 0.0000,  ..., 0.0000, 0.0000, 0.0000]],\n",
       "\n",
       "         [[0.0002, 0.0007, 0.0012,  ..., 0.0012, 0.0007, 0.0002],\n",
       "          [0.0007, 0.0022, 0.0037,  ..., 0.0037, 0.0022, 0.0007],\n",
       "          [0.0012, 0.0037, 0.0061,  ..., 0.0061, 0.0037, 0.0012],\n",
       "          ...,\n",
       "          [0.0012, 0.0037, 0.0061,  ..., 0.0061, 0.0037, 0.0012],\n",
       "          [0.0007, 0.0022, 0.0037,  ..., 0.0037, 0.0022, 0.0007],\n",
       "          [0.0002, 0.0007, 0.0012,  ..., 0.0012, 0.0007, 0.0002]],\n",
       "\n",
       "         ...,\n",
       "\n",
       "         [[0.0000, 0.0000, 0.0000,  ..., 0.0000, 0.0000, 0.0000],\n",
       "          [0.0000, 0.0000, 0.0000,  ..., 0.0000, 0.0000, 0.0000],\n",
       "          [0.0000, 0.0000, 0.0000,  ..., 0.0000, 0.0000, 0.0000],\n",
       "          ...,\n",
       "          [0.0000, 0.0000, 0.0000,  ..., 0.0000, 0.0000, 0.0000],\n",
       "          [0.0000, 0.0000, 0.0000,  ..., 0.0000, 0.0000, 0.0000],\n",
       "          [0.0000, 0.0000, 0.0000,  ..., 0.0000, 0.0000, 0.0000]],\n",
       "\n",
       "         [[0.0000, 0.0000, 0.0000,  ..., 0.0000, 0.0000, 0.0000],\n",
       "          [0.0000, 0.0000, 0.0000,  ..., 0.0000, 0.0000, 0.0000],\n",
       "          [0.0000, 0.0000, 0.0000,  ..., 0.0000, 0.0000, 0.0000],\n",
       "          ...,\n",
       "          [0.0000, 0.0000, 0.0000,  ..., 0.0000, 0.0000, 0.0000],\n",
       "          [0.0000, 0.0000, 0.0000,  ..., 0.0000, 0.0000, 0.0000],\n",
       "          [0.0000, 0.0000, 0.0000,  ..., 0.0000, 0.0000, 0.0000]],\n",
       "\n",
       "         [[0.0000, 0.0000, 0.0000,  ..., 0.0000, 0.0000, 0.0000],\n",
       "          [0.0000, 0.0000, 0.0000,  ..., 0.0000, 0.0000, 0.0000],\n",
       "          [0.0000, 0.0000, 0.0000,  ..., 0.0000, 0.0000, 0.0000],\n",
       "          ...,\n",
       "          [0.0000, 0.0000, 0.0000,  ..., 0.0000, 0.0000, 0.0000],\n",
       "          [0.0000, 0.0000, 0.0000,  ..., 0.0000, 0.0000, 0.0000],\n",
       "          [0.0000, 0.0000, 0.0000,  ..., 0.0000, 0.0000, 0.0000]]],\n",
       "\n",
       "\n",
       "        ...,\n",
       "\n",
       "\n",
       "        [[[0.0000, 0.0000, 0.0000,  ..., 0.0000, 0.0000, 0.0000],\n",
       "          [0.0000, 0.0000, 0.0000,  ..., 0.0000, 0.0000, 0.0000],\n",
       "          [0.0000, 0.0000, 0.0000,  ..., 0.0000, 0.0000, 0.0000],\n",
       "          ...,\n",
       "          [0.0000, 0.0000, 0.0000,  ..., 0.0000, 0.0000, 0.0000],\n",
       "          [0.0000, 0.0000, 0.0000,  ..., 0.0000, 0.0000, 0.0000],\n",
       "          [0.0000, 0.0000, 0.0000,  ..., 0.0000, 0.0000, 0.0000]],\n",
       "\n",
       "         [[0.0000, 0.0000, 0.0000,  ..., 0.0000, 0.0000, 0.0000],\n",
       "          [0.0000, 0.0000, 0.0000,  ..., 0.0000, 0.0000, 0.0000],\n",
       "          [0.0000, 0.0000, 0.0000,  ..., 0.0000, 0.0000, 0.0000],\n",
       "          ...,\n",
       "          [0.0000, 0.0000, 0.0000,  ..., 0.0000, 0.0000, 0.0000],\n",
       "          [0.0000, 0.0000, 0.0000,  ..., 0.0000, 0.0000, 0.0000],\n",
       "          [0.0000, 0.0000, 0.0000,  ..., 0.0000, 0.0000, 0.0000]],\n",
       "\n",
       "         [[0.0000, 0.0000, 0.0000,  ..., 0.0000, 0.0000, 0.0000],\n",
       "          [0.0000, 0.0000, 0.0000,  ..., 0.0000, 0.0000, 0.0000],\n",
       "          [0.0000, 0.0000, 0.0000,  ..., 0.0000, 0.0000, 0.0000],\n",
       "          ...,\n",
       "          [0.0000, 0.0000, 0.0000,  ..., 0.0000, 0.0000, 0.0000],\n",
       "          [0.0000, 0.0000, 0.0000,  ..., 0.0000, 0.0000, 0.0000],\n",
       "          [0.0000, 0.0000, 0.0000,  ..., 0.0000, 0.0000, 0.0000]],\n",
       "\n",
       "         ...,\n",
       "\n",
       "         [[0.0002, 0.0007, 0.0012,  ..., 0.0012, 0.0007, 0.0002],\n",
       "          [0.0007, 0.0022, 0.0037,  ..., 0.0037, 0.0022, 0.0007],\n",
       "          [0.0012, 0.0037, 0.0061,  ..., 0.0061, 0.0037, 0.0012],\n",
       "          ...,\n",
       "          [0.0012, 0.0037, 0.0061,  ..., 0.0061, 0.0037, 0.0012],\n",
       "          [0.0007, 0.0022, 0.0037,  ..., 0.0037, 0.0022, 0.0007],\n",
       "          [0.0002, 0.0007, 0.0012,  ..., 0.0012, 0.0007, 0.0002]],\n",
       "\n",
       "         [[0.0000, 0.0000, 0.0000,  ..., 0.0000, 0.0000, 0.0000],\n",
       "          [0.0000, 0.0000, 0.0000,  ..., 0.0000, 0.0000, 0.0000],\n",
       "          [0.0000, 0.0000, 0.0000,  ..., 0.0000, 0.0000, 0.0000],\n",
       "          ...,\n",
       "          [0.0000, 0.0000, 0.0000,  ..., 0.0000, 0.0000, 0.0000],\n",
       "          [0.0000, 0.0000, 0.0000,  ..., 0.0000, 0.0000, 0.0000],\n",
       "          [0.0000, 0.0000, 0.0000,  ..., 0.0000, 0.0000, 0.0000]],\n",
       "\n",
       "         [[0.0000, 0.0000, 0.0000,  ..., 0.0000, 0.0000, 0.0000],\n",
       "          [0.0000, 0.0000, 0.0000,  ..., 0.0000, 0.0000, 0.0000],\n",
       "          [0.0000, 0.0000, 0.0000,  ..., 0.0000, 0.0000, 0.0000],\n",
       "          ...,\n",
       "          [0.0000, 0.0000, 0.0000,  ..., 0.0000, 0.0000, 0.0000],\n",
       "          [0.0000, 0.0000, 0.0000,  ..., 0.0000, 0.0000, 0.0000],\n",
       "          [0.0000, 0.0000, 0.0000,  ..., 0.0000, 0.0000, 0.0000]]],\n",
       "\n",
       "\n",
       "        [[[0.0000, 0.0000, 0.0000,  ..., 0.0000, 0.0000, 0.0000],\n",
       "          [0.0000, 0.0000, 0.0000,  ..., 0.0000, 0.0000, 0.0000],\n",
       "          [0.0000, 0.0000, 0.0000,  ..., 0.0000, 0.0000, 0.0000],\n",
       "          ...,\n",
       "          [0.0000, 0.0000, 0.0000,  ..., 0.0000, 0.0000, 0.0000],\n",
       "          [0.0000, 0.0000, 0.0000,  ..., 0.0000, 0.0000, 0.0000],\n",
       "          [0.0000, 0.0000, 0.0000,  ..., 0.0000, 0.0000, 0.0000]],\n",
       "\n",
       "         [[0.0000, 0.0000, 0.0000,  ..., 0.0000, 0.0000, 0.0000],\n",
       "          [0.0000, 0.0000, 0.0000,  ..., 0.0000, 0.0000, 0.0000],\n",
       "          [0.0000, 0.0000, 0.0000,  ..., 0.0000, 0.0000, 0.0000],\n",
       "          ...,\n",
       "          [0.0000, 0.0000, 0.0000,  ..., 0.0000, 0.0000, 0.0000],\n",
       "          [0.0000, 0.0000, 0.0000,  ..., 0.0000, 0.0000, 0.0000],\n",
       "          [0.0000, 0.0000, 0.0000,  ..., 0.0000, 0.0000, 0.0000]],\n",
       "\n",
       "         [[0.0000, 0.0000, 0.0000,  ..., 0.0000, 0.0000, 0.0000],\n",
       "          [0.0000, 0.0000, 0.0000,  ..., 0.0000, 0.0000, 0.0000],\n",
       "          [0.0000, 0.0000, 0.0000,  ..., 0.0000, 0.0000, 0.0000],\n",
       "          ...,\n",
       "          [0.0000, 0.0000, 0.0000,  ..., 0.0000, 0.0000, 0.0000],\n",
       "          [0.0000, 0.0000, 0.0000,  ..., 0.0000, 0.0000, 0.0000],\n",
       "          [0.0000, 0.0000, 0.0000,  ..., 0.0000, 0.0000, 0.0000]],\n",
       "\n",
       "         ...,\n",
       "\n",
       "         [[0.0000, 0.0000, 0.0000,  ..., 0.0000, 0.0000, 0.0000],\n",
       "          [0.0000, 0.0000, 0.0000,  ..., 0.0000, 0.0000, 0.0000],\n",
       "          [0.0000, 0.0000, 0.0000,  ..., 0.0000, 0.0000, 0.0000],\n",
       "          ...,\n",
       "          [0.0000, 0.0000, 0.0000,  ..., 0.0000, 0.0000, 0.0000],\n",
       "          [0.0000, 0.0000, 0.0000,  ..., 0.0000, 0.0000, 0.0000],\n",
       "          [0.0000, 0.0000, 0.0000,  ..., 0.0000, 0.0000, 0.0000]],\n",
       "\n",
       "         [[0.0002, 0.0007, 0.0012,  ..., 0.0012, 0.0007, 0.0002],\n",
       "          [0.0007, 0.0022, 0.0037,  ..., 0.0037, 0.0022, 0.0007],\n",
       "          [0.0012, 0.0037, 0.0061,  ..., 0.0061, 0.0037, 0.0012],\n",
       "          ...,\n",
       "          [0.0012, 0.0037, 0.0061,  ..., 0.0061, 0.0037, 0.0012],\n",
       "          [0.0007, 0.0022, 0.0037,  ..., 0.0037, 0.0022, 0.0007],\n",
       "          [0.0002, 0.0007, 0.0012,  ..., 0.0012, 0.0007, 0.0002]],\n",
       "\n",
       "         [[0.0000, 0.0000, 0.0000,  ..., 0.0000, 0.0000, 0.0000],\n",
       "          [0.0000, 0.0000, 0.0000,  ..., 0.0000, 0.0000, 0.0000],\n",
       "          [0.0000, 0.0000, 0.0000,  ..., 0.0000, 0.0000, 0.0000],\n",
       "          ...,\n",
       "          [0.0000, 0.0000, 0.0000,  ..., 0.0000, 0.0000, 0.0000],\n",
       "          [0.0000, 0.0000, 0.0000,  ..., 0.0000, 0.0000, 0.0000],\n",
       "          [0.0000, 0.0000, 0.0000,  ..., 0.0000, 0.0000, 0.0000]]],\n",
       "\n",
       "\n",
       "        [[[0.0000, 0.0000, 0.0000,  ..., 0.0000, 0.0000, 0.0000],\n",
       "          [0.0000, 0.0000, 0.0000,  ..., 0.0000, 0.0000, 0.0000],\n",
       "          [0.0000, 0.0000, 0.0000,  ..., 0.0000, 0.0000, 0.0000],\n",
       "          ...,\n",
       "          [0.0000, 0.0000, 0.0000,  ..., 0.0000, 0.0000, 0.0000],\n",
       "          [0.0000, 0.0000, 0.0000,  ..., 0.0000, 0.0000, 0.0000],\n",
       "          [0.0000, 0.0000, 0.0000,  ..., 0.0000, 0.0000, 0.0000]],\n",
       "\n",
       "         [[0.0000, 0.0000, 0.0000,  ..., 0.0000, 0.0000, 0.0000],\n",
       "          [0.0000, 0.0000, 0.0000,  ..., 0.0000, 0.0000, 0.0000],\n",
       "          [0.0000, 0.0000, 0.0000,  ..., 0.0000, 0.0000, 0.0000],\n",
       "          ...,\n",
       "          [0.0000, 0.0000, 0.0000,  ..., 0.0000, 0.0000, 0.0000],\n",
       "          [0.0000, 0.0000, 0.0000,  ..., 0.0000, 0.0000, 0.0000],\n",
       "          [0.0000, 0.0000, 0.0000,  ..., 0.0000, 0.0000, 0.0000]],\n",
       "\n",
       "         [[0.0000, 0.0000, 0.0000,  ..., 0.0000, 0.0000, 0.0000],\n",
       "          [0.0000, 0.0000, 0.0000,  ..., 0.0000, 0.0000, 0.0000],\n",
       "          [0.0000, 0.0000, 0.0000,  ..., 0.0000, 0.0000, 0.0000],\n",
       "          ...,\n",
       "          [0.0000, 0.0000, 0.0000,  ..., 0.0000, 0.0000, 0.0000],\n",
       "          [0.0000, 0.0000, 0.0000,  ..., 0.0000, 0.0000, 0.0000],\n",
       "          [0.0000, 0.0000, 0.0000,  ..., 0.0000, 0.0000, 0.0000]],\n",
       "\n",
       "         ...,\n",
       "\n",
       "         [[0.0000, 0.0000, 0.0000,  ..., 0.0000, 0.0000, 0.0000],\n",
       "          [0.0000, 0.0000, 0.0000,  ..., 0.0000, 0.0000, 0.0000],\n",
       "          [0.0000, 0.0000, 0.0000,  ..., 0.0000, 0.0000, 0.0000],\n",
       "          ...,\n",
       "          [0.0000, 0.0000, 0.0000,  ..., 0.0000, 0.0000, 0.0000],\n",
       "          [0.0000, 0.0000, 0.0000,  ..., 0.0000, 0.0000, 0.0000],\n",
       "          [0.0000, 0.0000, 0.0000,  ..., 0.0000, 0.0000, 0.0000]],\n",
       "\n",
       "         [[0.0000, 0.0000, 0.0000,  ..., 0.0000, 0.0000, 0.0000],\n",
       "          [0.0000, 0.0000, 0.0000,  ..., 0.0000, 0.0000, 0.0000],\n",
       "          [0.0000, 0.0000, 0.0000,  ..., 0.0000, 0.0000, 0.0000],\n",
       "          ...,\n",
       "          [0.0000, 0.0000, 0.0000,  ..., 0.0000, 0.0000, 0.0000],\n",
       "          [0.0000, 0.0000, 0.0000,  ..., 0.0000, 0.0000, 0.0000],\n",
       "          [0.0000, 0.0000, 0.0000,  ..., 0.0000, 0.0000, 0.0000]],\n",
       "\n",
       "         [[0.0002, 0.0007, 0.0012,  ..., 0.0012, 0.0007, 0.0002],\n",
       "          [0.0007, 0.0022, 0.0037,  ..., 0.0037, 0.0022, 0.0007],\n",
       "          [0.0012, 0.0037, 0.0061,  ..., 0.0061, 0.0037, 0.0012],\n",
       "          ...,\n",
       "          [0.0012, 0.0037, 0.0061,  ..., 0.0061, 0.0037, 0.0012],\n",
       "          [0.0007, 0.0022, 0.0037,  ..., 0.0037, 0.0022, 0.0007],\n",
       "          [0.0002, 0.0007, 0.0012,  ..., 0.0012, 0.0007, 0.0002]]]])"
      ]
     },
     "metadata": {},
     "execution_count": 7
    }
   ],
   "metadata": {}
  },
  {
   "cell_type": "code",
   "execution_count": 8,
   "source": [
    "batch_size, crop_size = 32, (320, 480)\r\n",
    "train_iter, test_iter = d2l.load_data_voc(batch_size, crop_size)"
   ],
   "outputs": [
    {
     "output_type": "stream",
     "name": "stdout",
     "text": [
      "read 1114 examples\n",
      "read 1078 examples\n"
     ]
    }
   ],
   "metadata": {}
  },
  {
   "cell_type": "code",
   "execution_count": 10,
   "source": [
    "def loss(inputs, targets):\r\n",
    "    return F.cross_entropy(inputs, targets, reduction='none').mean(1).mean(1)\r\n",
    "num_epochs, lr, wd, devices = 5, 0.001, 1e-3, d2l.try_all_gpus()\r\n",
    "trainer = torch.optim.SGD(net.parameters(), lr=lr, weight_decay=wd)\r\n",
    "d2l.train_ch13(net, train_iter, test_iter, loss, trainer, num_epochs, devices)"
   ],
   "outputs": [
    {
     "output_type": "stream",
     "name": "stdout",
     "text": [
      "loss 0.303, train acc 0.901, test acc 0.858\n",
      "98.9 examples/sec on [device(type='cuda', index=0)]\n"
     ]
    },
    {
     "output_type": "display_data",
     "data": {
      "text/plain": [
       "<Figure size 252x180 with 1 Axes>"
      ],
